10 10
-1598637273 -1060175300 -59653846 1932864538 1396861225 1791769386 223834447 -818903018 685516623 1475131811 
54036373 -183281698 630927890 1161920455 -465820830 -999122112 -1132662502 819710010 -1699691674 1342769267 
-1709554943 1078164082 527273667 1677251539 49250253 1999890626 960792667 -1630850070 -1796248651 1388900348 
-1412460837 31560289 -152352576 -1589956040 1456361200 653629854 -1772296666 804338237 -1481377388 1364876975 
-1339005831 -1633914267 1252972630 1744035408 1762567568 1016323467 -1225990921 1425184448 -1899154056 -1082904100 
1652898501 78980455 -1320844242 1429798204 1217424821 -37881976 1864475484 -561261854 -641593285 1871702101 
-1143265723 1284221962 1788425677 -1600116493 -1429579604 -600644045 -124587251 65222328 -1562943192 2100169476 
-2142212063 1041831369 -1662364047 681684718 -1760906838 -413150890 -1146445092 -978461909 -111811968 -179999558 
966631700 -328902381 1460268103 -389166797 -1889145241 -1508612013 332420429 1595593907 -2006052958 3774514 
-535698149 228681414 -2114298257 322046714 -1638238079 1620018149 -1282689875 1548605083 195561591 -1471201978 
