10 10
-1080689471 -62071778 -773987491 1099738637 1910609688 -1808858567 2028230843 2131159308 39168892 -1491025924 
1283527187 2064762007 739917944 -2004663889 562211342 -1277034271 -1593988508 -1891837705 789320622 1612075516 
806179011 -225892148 -852267604 -1396267455 1385640928 -118711668 -443577155 1605789093 -419516615 353908947 
355487546 -477145123 822565620 22484758 1065591874 16849256 760527062 -411213445 452309214 356747514 
399806983 -212150961 511449211 2026879238 1133425740 -1912693784 1864247756 1290905693 -463854440 -3732323 
-800467078 1253733553 263322985 1026305158 -1324944250 406098693 -1858511855 420651723 288706060 -1153443245 
533351851 -763561439 -1161008641 789445688 1220373935 1006825749 -813759592 1434351505 -1778022652 -1792714776 
1696225688 -532750839 -669579475 1629731314 -1253449876 -232933687 -1554344292 2036917686 903478610 -45248720 
1472057739 -1997209911 -1165150123 -1215416260 -1597250784 1751172381 911977209 405763072 1089842134 392358571 
523701649 1982610089 -1621787385 498431579 -403440207 -354151245 1595754768 -2013831629 -1487955278 -1409110370 
